Tokyo (35.689487, 129.691706) 28,49,69
Dublin (53.349805, -6.260310)89,111,98
New York (40.712784, -74.005941)126,161,107
Sao Paulo (-23.550520, -46.633309)195,216,152
Seoul (37.566535, 126.977969)112,22,30
Mexico City (19.432608, -99.133208)62,105,144
Mumbai (19.075984, 72.877656)233,227,180
Delhi (28.613939, 77.209021)243,155,109
Lagos (6.524379, 3.379206)187,160,202
Moscow (55.755826, 37.6173)174,132,126
Paris (48.856616, 2.352222)218,168,155
Beijing (39.904211, 116.407395)92,158,173
Chicago (41.878114, -87.629798)227,151,116
London (51.507351, -0.127758)50,98,115
Lima (-12.046374, -77.042793)124,144,219
Bangkok (13.756331, 100.501765)209,190,176
Baghdad (33.312806, 44.361488)56,63,81
Bangalore (12.971599, 77.594563)164,196,168
Philadelphia (39.952584, -75.165222)174,195,170
Miami (25.761680, -80.191790)106,68,65
Madrid (40.416775, -3.703790)88,53,74
Toronto (43.653226, -79.383184)147,113,78
Milan (45.465422, 9.185924)69,87,7
Dallas (32.776664, -96.796988)113,104,0
Washington (38.907192, -77.036871)197,214,216
Berlin (52.520007, 13.404954)152,108,106
Houston (29.760427, -95.369803)120,79,65
Montreal (45.501689, -73.567256)143,203,155
Phoenix (33.448377, -112.074037)91,146,121
Cape Town (-33.924869, 18.424055)143,128,115
Calgary (51.048615, -114.070846)118,65,51
Melbourne (-37.814107, 144.963280)173,131,80
Rome (41.902783, 12.496366)228,215,243
San Diego (32.715738 -117.161084)224,82,99
San Francisco (37.774929, -122.419416)225,202,177
Glasgow (55.864237, -4.251806)237,174,73
Vancouver (45.638728, -122.661486)146,173,167
St Johns (47.560541, -52.712831)165,208,168
Copenhagen (55.676097, 12.568337)199,109,126